growth1
48

41

46

51

58

28

29

39

growth2
39

53

55

growth3to4
7

11

16

21

24

32

35

48

50

52

56

57

59

64

0

7

9

12

16

21

25

51

62

4

5

8

12

15

19

22

25

29

32

34

39

42

46

1

4

growth5
reduction6
0

6

11

20

27

31

35

48

62

6

13

21

24

38

49

52

0

1

2

4

5

11

17

19

32

49

reduction7
0

1

3

6

7

11

14

16

18

20

21

23

26

27

28

31

34

35

36

37

38

39

40

42

43

44

47

49

50

51

53

55

56

59

61

62

63

64

65

0

1

2

6

7

9

10

12

15

17

19

20

21

23

24

26

29

32

34

36

38

42

44

45

48

49

52

54

56

59

60

62

63

72

1

2

4

5

7

11

12

15

17

19

22

24

25

32

37

42

45

49

0

1

2

4

reduction8to9
0

1

3

6

7

8

9

10

11

12

14

16

17

18

20

21

22

23

24

26

27

28

29

30

31

32

34

35

36

37

38

39

40

41

42

43

44

47

48

49

50

51

52

53

54

55

56

57

59

60

61

62

63

64

65

0

1

2

3

5

6

7

8

9

10

12

13

15

16

17

19

20

21

22

23

24

25

26

29

31

32

34

35

36

38

39

41

42

43

44

45

46

47

48

49

51

52

53

54

55

56

57

58

59

60

62

63

64

65

66

67

72

0

1

2

4

5

7

8

9

10

11

12

15

17

19

20

22

23

24

25

27

28

29

30

32

34

35

37

39

40

41

42

43

45

46

47

49

0

1

2

3

4

5

subj_obj10
20

22

56

0

2

8

12

15

24

31

34

35

36

44

46

54

58

62

67

subj_obj11
3

6

12

16

21

22

30

31

34

38

39

40

47

48

55

56

60

62

64

65

2

5

6

10

19

31

32

35

38

39

41

42

43

44

46

48

54

55

56

57

58

62

64

9

10

17

23

25

27

28

29

35

39

42

45

46

47

49

2

3

subj_obj12
1

7

11

12

16

18

21

22

32

35

36

38

47

48

50

52

53

55

56

57

59

61

64

0

2

3

7

9

10

12

15

16

19

21

22

23

25

26

29

32

34

35

36

41

42

44

46

48

49

51

55

58

60

62

66

67

0

4

5

8

9

12

19

22

25

27

29

32

34

39

40

42

46

49

0

1

4

subj_obj13
11

23

47

8

16

19

26

29

44

48

55

5

25

28

29

growth1
growth2
growth3to4
growth5
reduction6
reduction7
0

reduction8to9
0

subj_obj10
subj_obj11
0

subj_obj12
0

subj_obj13
0

growth1
growth2
growth3to4
0

growth5
reduction6
reduction7
0

reduction8to9
0

subj_obj10
subj_obj11
0

subj_obj12
0

subj_obj13
